980
365
420
581
4
518
151
677
53
195
629
301
147
640
843
289
709
579
474
394
461
669
708
469
196
699
581
250
996
381
906
644
514
996
168
369
521
441
477
835
95
944
456
617
856
787
477
888
901
684
768
532
946
804
142
385
648
437
688
878
411
81
584
810
231
435
23
750
701
649
670
707
574
689
718
1000
809
453
847
301
202
45
882
923
579
699
884
712
413
352
530
545
514
516
437
293
310
361
690
879
426
763
730
303
756
483
659
763
399
224
269
734
439
798
913
865
682
839
78
150
186
770
457
645
118
520
958
699
237
839
323
164
187
318
688
850
475
240
186
820
9
406
189
608
977
579
528
807
693
716
612
524
120
970
548
993
288
707
92
588
911
397
728
165
544
775
959
212
911
192
168
982
778
965
486
31
33
767
518
384
963
1
527
616
830
238
830
668
89
651
358
747
440
394
223
970
889
37
308
857
50
249
116
422
827
53
869
732
457
562
43
916
483
896
952
132
138
48
700
707
817
602
167
315
293
330
70
296
649
614
604
284
684
78
36
223
177
358
234
230
143
285
937
602
815
14
899
507
704
239
822
351
632
159
417
188
647
544
670
209
283
442
481
140
825
454
441
971
303
60
543
102
252
720
515
970
919
407
61
263
275
695
683
671
936
1
686
64
282
842
434
883
871
359
505
901
712
12
361
287
782
253
534
121
653
915
190
114
630
532
101
672
210
905
792
572
731
617
557
653
462
924
311
987
13
996
350
71
920
663
367
637
440
115
324
885
376
76
147
745
669
965
25
341
201
454
786
94
656
445
753
165
810
153
938
389
107
878
441
82
122
594
656
517
808
520
466
374
598
991
409
411
944
369
296
783
501
164
885
782
53
514
593
306
446
414
109
317
694
457
59
859
86
759
832
259
548
378
502
805
289
745
914
66
707
37
63
25
28
943
459
394
522
601
273
547
506
777
348
17
54
350
801
65
686
286
449
174
270
913
875
459
182
965
470
47
51
995
834
536
779
553
101
141
736
363
935
714
163
235
523
207
926
909
512
681
645
125
442
835
743
317
157
495
340
377
550
594
369
581
769
606
261
830
878
63
55
463
189
609
610
659
414
761
82
90
384
549
455
473
592
474
349
504
515
187
341
450
139
832
279
662
446
143
344
172
599
915
1
648
715
571
680
610
426
263
206
292
932
998
49
900
578
205
686
371
291
808
245
252
93
85
890
850
627
564
736
863
72
148
357
464
755
756
583
901
452
932
256
541
401
276
745
72
892
254
109
768
824
292
306
130
312
859
264
76
825
103
70
137
288
629
707
937
427
387
116
753
119
925
96
131
223
35
161
411
920
265
407
241
23
956
518
495
458
136
280
53
411
717
156
978
416
978
976
745
968
644
478
873
694
650
558
550
789
872
94
662
868
613
571
881
441
978
425
464
679
913
996
298
50
272
922
253
389
958
659
343
294
35
380
235
427
887
736
909
764
671
758
958
97
510
830
253
720
302
111
221
407
352
948
343
660
396
181
143
580
884
310
51
723
590
593
286
760
875
748
817
631
573
711
462
801
373
577
809
868
316
254
710
310
760
359
251
577
200
812
555
657
529
512
691
763
272
41
499
665
69
889
46
72
722
222
836
888
67
942
456
20
176
161
978
853
638
454
644
759
220
862
379
314
782
2
280
230
886
773
817
842
958
399
743
392
654
569
73
143
611
269
24
91
465
946
537
284
735
748
414
881
141
135
80
240
605
19
886
796
270
696
879
480
358
202
933
105
321
785
91
471
11
327
201
544
568
96
198
308
795
731
999
846
812
409
385
8
513
287
612
477
868
419
404
209
453
144
961
175
308
606
396
222
22
784
973
326
566
601
1000
465
178
440
656
582
781
864
395
233
435
612
160
259
159
630
720
189
486
862
465
457
214
807
83
590
933
521
120
911
53
892
889
829
557
498
158
241
69
56
62
22
55
830
793
11
612
931
181
165
343
802
439
734
593
377
394
370
927
956
485
429
317
516
862
478
677
606
949
507
191
747
277
672
891
191
646
286
442
228
417
897
182
89
921
526
633
495
400
272
358
500
416
519
559
734
513
807
719
719
664
106
151
943
677
657
381
577
502
673
572
393
61
310
205
785
303
340
752
531
114
527
627
138
223
862
42
276
659
202
741
278
454
952
162
607
51
781
349
102
771
564
922
583
569
763
702
359
636
178
269
198
14
899
378
528
342
19
950
557
547
442
328
505
405
90
46
982
128
697
733
418
719
275
885
809
41
969
377
20
270
82
635
294
362
446
609
712
143
210
855
761
349
186
483
14
15
601
446
228
840
218
202
180
563
572
351
520
53
837
736
465
606
904
197
730
54
625
707
55
321
153
370
359
178
560
624
829
625
747
794
63
886
360
730
105
655
402
570
387
282
726
541
426
480
608
929
788
871
649
296
59
609
195
341
238
838
142
732
148
570
263
42
293
985
957
802
572
805
516
162
978
932
769
619
221
863
629
526
461
329
438
582
661
124
782
55
570
369
509
526
59
806
151
742
173
333
54
71
778
697
201
559
736
615
303
524
318
626
952
569
833
988
959
959
67
351
586
478
96
827
175
503
311
104
712
749
513
328
77
97
975
406
17
964
983
100
532
768
193
880
321
147
507
344
292
985
26
763
299
928
542
991
308
33
8
257
462
64
677
619
862
369
512
454
963
903
549
164
783
153
993
364
396
874
732
366
992
734
132
219
208
768
472
880
805
243
940
946
997
879
303
162
171
9
32
841
471
125
53
54
514
776
472
860
842
756
621
510
261
51
788
411
424
841
959
235
818
185
111
828
751
229
644
724
256
976
327
21
924
654
256
349
401
271
715
225
880
865
267
500
179
845
888
942
150
141
308
878
425
400
833
424
819
782
418
70
119
61
260
869
965
448
405
912
761
31
83
908
295
989
963
461
301
180
291
920
628
158
51
419
657
512
281
418
993
960
772
752
784
516
340
189
854
138
342
15
992
247
533
153
163
312
790
186
134
133
414
256
643
316
679
298
50
531
718
585
877
500
810
201
781
755
88
264
20
609
407
925
23
133
776
549
594
810
568
561
530
704
905
85
102
643
18
242
248
223
667
207
459
861
760
145
963
501
483
665
847
982
373
406
821
95
270
878
171
754
371
109
719
352
639
543
97
497
993
867
680
634
103
713
923
777
246
903
358
617
12
628
585
109
58
16
214
839
405
611
290
967
552
743
407
977
801
713
660
604
440
43
682
113
403
381
524
397
313
401
950
980
115
13
639
517
916
755
180
563
739
734
705
337
854
322
588
34
201
281
515
193
853
85
357
932
799
670
907
277
163
236
123
858
270
554
406
23
420
127
562
823
393
135
11
790
212
949
657
562
642
369
715
474
452
494
974
850
160
840
742
99
470
711
288
997
347
435
276
717
591
164
254
597
397
717
250
433
448
31
600
662
852
385
219
496
430
245
523
181
430
986
914
119
834
937
66
930
193
240
284
569
223
348
468
361
412
700
462
498
775
543
332
691
774
142
615
162
539
156
832
922
42
796
691
322
831
421
763
999
653
532
604
974
496
90
656
656
276
444
988
32
569
664
711
214
725
195
996
337
555
953
865
271
775
335
975
181
681
658
450
263
604
360
342
4
544
587
642
882
378
147
927
251
901
418
426
425
591
256
705
971
136
736
277
327
281
941
409
202
649
62
544
113
290
119
195
197
862
242
928
153
74
602
356
725
520
974
34
206
899
778
420
771
586
405
950
228
769
618
900
273
667
893
185
678
673
922
592
209
752
642
523
235
591
690
527
267
716
561
272
573
242
559
837
152
63
863
861
923
41
718
723
651
186
627
442
155
679
573
849
378
435
909
599
574
686
174
868
820
509
501
340
385
671
927
11
542
903
41
176
697
456
585
841
841
927
675
663
89
484
350
672
910
813
716
426
1000
636
261
532
280
637
836
718
125
225
783
831
484
472
404
330
274
665
34
363
797
368
924
592
222
691
52
989
6
712
104
667
19
960
127
202
887
502
632
852
276
858
170
893
141
164
158
669
212
752
895
77
859
379
456
363
6
741
537
218
64
305
460
187
99
435
433
661
693
82
24
403
693
588
974
434
21
593
799
800
600
920
65
54
232
441
832
688
334
896
666
562
778
47
945
340
456
341
197
115
1000
95
979
21
346
327
485
305
209
464
675
649
782
929
522
272
333
352
266
988
890
42
674
812
530
870
73
126
40
161
535
923
44
268
58
782
501
713
671
657
64
561
661
134
334
701
645
632
860
448
754
255
153
324
59
518
979
524
834
90
951
160
426
439
524
495
845
321
398
320
658
180
786
674
378
71
601
603
893
844
270
180
530
519
135
632
452
915
356
928
42
1
581
628
86
215
108
778
704
897
604
674
891
187
828
72
271
195
828
961
111
719
551
320
797
964
261
38
9
391
275
670
222
946
991
114
951
651
753
133
740
374
994
215
953
28
384
79
571
77
868
220
645
685
434
839
342
724
935
807
677
229
191
888
850
85
7
662
185
123
290
189
98
98
340
369
483
186
323
160
661
679
802
617
123
800
410
348
607
547
871
418
915
541
910
365
538
572
80
535
218
728
963
671
34
878
515
50
338
926
870
341
726
493
494
568
400
483
21
852
280
892
382
60
283
42
486
907
657
403
672
29
780
496
84
177
242
115
85
573
540
83
482
191
653
440
403
105
572
524
124
384
990
54
641
275
702
742
747
669
609
486
941
452
281
640
978
482
818
46
100
160
319
667
842
577
246
496
898
7
905
449
651
126
272
400
442
365
836
602
845
761
475
142
151
111
348
347
726
927
382
52
837
324
665
72
686
281
818
557
50
265
813
173
571
445
331
726
193
316
88
416
938
279
834
224
287
953
395
658
578
458
276
833
50
145
562
38
776
2
842
992
653
193
69
88
652
567
32
314
706
38
671
893
599
914
48
855
564
989
903
601
753
98
332
266
188
495
4
453
549
464
540
475
974
715
544
444
171
946
210
495
311
538
277
967
713
629
204
867
460
943
161
718
135
782
194
849
351
99
138
325
247
341
244
733
125
255
280
113
325
824
270
131
9
996
76
707
678
600
677
185
253
464
329
284
552
709
200
613
967
60
892
736
111
879
789
855
914
777
999
290
281
922
849
65
947
119
622
641
146
473
42
235
482
214
891
147
49
360
104
350
863
342
497
141
489
970
958
750
685
238
997
980
659
383
901
534
926
680
646
627
157
254
512
86
20
702
857
154
606
23
285
398
293
943
389
180
499
751
274
281
670
670
625
848
212
351
59
388
658
714
775
675
540
375
433
116
980
202
942
212
861
367
465
472
421
426
926
697
50
962
339
542
113
534
42
971
916
699
21
962
848
728
826
195
841
548
457
532
104
302
934
817
546
23
798
254
643
776
585
687
447
124
644
889
95
99
322
485
121
437
20
569
606
872
425
764
668
308
465
693
971
768
460
856
463
808
839
661
36
243
385
364
757
937
578
703
55
292
157
477
679
534
459
36
897
529
700
807
107
800
409
224
343
407
61
513
292
978
988
449
424
911
541
131
356
520
445
29
864
371
862
653
848
884
1000
810
754
631
293
254
441
709
428
417
806
344
977
62
14
259
871
107
371
583
491
154
132
314
379
734
90
780
39
219
551
695
724
146
475
652
970
287
392
690
913
519
669
198
615
269
422
950
489
900
571
611
732
340
538
534
684
858
101
303
972
970
466
328
926
567
404
313
700
578
316
92
216
421
832
74
320
261
504
491
81
810
576
602
759
595
689
427
990
948
523
106
371
951
741
74
446
652
26
572
298
470
632
799
746
889
651
163
70
878
680
645
721
418
147
206
427
575
643
575
980
839
423
786
437
881
885
92
410
893
716
554
272
604
977
786
111
365
616
128
777
996
956
629
542
339
448
825
956
39
287
792
997
854
323
658
341
537
632
18
2
961
634
537
233
614
323
533
428
416
852
611
384
506
786
600
810
850
886
369
1
920
830
678
859
971
98
932
922
233
359
90
548
923
385
830
347
746
120
555
930
55
830
316
754
719
52
167
410
623
406
883
585
270
679
833
121
599
454
621
95
279
352
849
244
942
888
740
691
343
223
70
7
379
21
317
77
382
230
185
635
745
260
386
500
159
968
156
115
578
814
427
406
231
721
641
164
491
776
463
115
429
129
863
834
16
320
90
321
207
959
391
362
702
649
610
340
391
621
522
675
130
539
771
866
443
269
609
550
913
641
816
337
297
145
344
141
214
400
412
692
613
15
617
319
398
741
69
296
895
33
781
628
689
51
980
749
923
166
41
903
55
802
838
711
418
853
206
970
739
260
47
360
628
631
824
96
101
33
200
417
411
85
286
167
410
482
183
584
993
547
324
643
324
89
245
193
735
259
859
983
968
735
184
246
805
929
614
309
957
128
774
230
460
380
328
612
356
28
593
923
995
23
892
690
617
522
606
759
6
659
866
799
181
764
220
187
210
796
158
986
893
619
173
705
562
188
255
9
932
762
732
22
270
263
857
290
959
435
353
634
724
441
405
964
961
702
679
915
58
655
236
101
312
423
809
663
680
438
307
441
450
255
197
662
266
134
892
559
414
647
205
912
402
200
639
973
716
762
5
636
839
576
24
682
290
24
690
523
737
182
816
786
249
864
795
844
463
467
160
722
694
584
904
781
881
912
992
351
825
953
69
871
602
221
831
749
687
716
802
388
894
890
264
568
314
68
59
14
445
534
822
233
793
435
7
96
390
917
653
99
919
892
536
463
698
233
662
511
38
314
282
56
719
789
435
430
392
241
285
418
1001